Time,Xg,Yg,Zg,Xg_high,Yg_high,Zg_high,Pressure,Temperature,Altitude,BNO_X,BNO_Y,BNO_Z,BNO_I,BNO_J,BNO_K,BNO_Real,State,Airbrake_pct,Airbrake_dir,Predicted_Apogee,Cd_Add_Cmd,I2C_Fallback,I2C_FailCount,Potentiometer,Velocity,Target_Cd_Raw,Apo_No_Brakes,Apo_Max_Brakes,Armed,Max_Altitude,Max_V
elocity,Max_Accel_g,Ignition_Time_ms,Apogee_Time_ms
25382,0.28,-0.04,0.96,0.20,0.05,0.98,1009.51,34.69,0.00,0.00,0.00,0.00,0.0000,0.0000,0.0000,0.0000,IDLE,0.0,1,0.00,0.0000,0,0,0,0.00,0.0000,0.0,0.0,0,0.0,0.0,0.98,0,0
25431,0.27,-0.08,0.94,0.20,0.05,0.98,1009.47,34.69,0.00,0.00,0.00,0.00,0.0000,0.0000,0.0000,0.0000,IDLE,0.0,1,0.00,0.0000,0,0,0,0.00,0.0000,0.0,0.0,0,0.0,0.0,0.98,0,0
25482,0.28,-0.06,0.94,0.24,0.00,0.98,1009.47,34.69,0.00,0.00,0.00,0.00,0.0000,0.0000,0.0000,0.0000,IDLE,0.0,1,0.00,0.0000,0,0,0,0.00,0.0000,0.0,0.0,0,0.0,0.0,0.98,0,0
25532,0.28,-0.05,0.97,0.24,0.00,1.03,1009.43,34.69,0.00,0.00,0.00,0.00,0.0000,0.0000,0.0000,0.0000,IDLE,0.0,1,0.00,0.0000,0,0,0,0.00,0.0000,0.0,0.0,0,0.0,0.0,1.03,0,0
25582,0.27,-0.07,0.95,0.20,0.05,0.98,1009.50,34.69,0.00,0.00,0.00,0.00,0.0000,0.0000,0.0000,0.0000,IDLE,0.0,1,0.00,0.0000,0,0,0,0.00,0.0000,0.0,0.0,0,0.0,0.0,1.03,0,0
25632,0.28,-0.06,0.96,0.24,0.05,0.98,1009.46,34.69,0.00,0.00,0.00,0.00,0.0000,0.0000,0.0000,0.0000,IDLE,0.0,1,0.00,0.0000,0,0,0,0.00,0.0000,0.0,0.0,0,0.0,0.0,1.03,0,0
25682,0.28,-0.06,0.96,0.24,0.05,1.03,1009.51,34.69,0.00,0.00,0.00,0.00,0.0000,0.0000,0.0000,0.0000,IDLE,0.0,1,0.00,0.0000,0,0,0,0.00,0.0000,0.0,0.0,0,0.0,0.0,1.03,0,0
25732,0.27,-0.06,0.96,0.24,0.05,0.98,1009.45,34.69,0.00,0.00,0.00,0.00,0.0000,0.0000,0.0000,0.0000,IDLE,0.0,1,0.00,0.0000,0,0,0,0.00,0.0000,0.0,0.0,0,0.0,0.0,1.03,0,0
25782,0.28,-0.06,0.95,0.20,0.05,0.98,1009.49,34.69,0.00,0.00,0.00,0.00,0.0000,0.0000,0.0000,0.0000,IDLE,0.0,1,0.00,0.0000,0,0,0,0.00,0.0000,0.0,0.0,0,0.0,0.0,1.03,0,0
25832,0.27,-0.06,0.96,0.24,0.05,0.93,1009.44,34.69,0.00,0.00,0.00,0.00,0.0000,0.0000,0.0000,0.0000,IDLE,0.0,1,0.00,0.0000,0,0,0,0.00,0.0000,0.0,0.0,0,0.0,0.0,1.03,0,0
25882,0.28,-0.06,0.94,0.24,0.05,1.03,1009.48,34.69,0.00,0.00,0.00,0.00,0.0000,0.0000,0.0000,0.0000,IDLE,0.0,1,0.00,0.0000,0,0,0,0.00,0.0000,0.0,0.0,0,0.0,0.0,1.03,0,0
25932,0.28,-0.07,0.96,0.24,0.05,1.08,1009.50,34.69,0.00,0.00,0.00,0.00,0.0000,0.0000,0.0000,0.0000,IDLE,0.0,1,0.00,0.0000,0,0,0,0.00,0.0000,0.0,0.0,0,0.0,0.0,1.08,0,0
25982,0.28,-0.06,0.97,0.20,0.05,1.08,1009.46,34.69,0.00,0.00,0.00,0.00,0.0000,0.0000,0.0000,0.0000,IDLE,0.0,1,0.00,0.0000,0,0,0,0.00,0.0000,0.0,0.0,0,0.0,0.0,1.08,0,0
26032,0.27,-0.06,0.95,0.24,0.05,1.08,1009.46,34.69,0.00,0.00,0.00,0.00,0.0000,0.0000,0.0000,0.0000,IDLE,0.0,1,0.00,0.0000,0,0,0,0.00,0.0000,0.0,0.0,0,0.0,0.0,1.08,0,0
26082,0.28,-0.07,0.96,0.24,0.05,1.03,1009.49,34.69,0.00,0.00,0.00,0.00,0.0000,0.0000,0.0000,0.0000,IDLE,0.0,1,0.00,0.0000,0,0,0,0.00,0.0000,0.0,0.0,0,0.0,0.0,1.08,0,0
26132,0.28,-0.06,0.95,0.24,0.05,1.03,1009.49,34.69,0.00,0.00,0.00,0.00,0.0000,0.0000,0.0000,0.0000,IDLE,0.0,1,0.00,0.0000,0,0,0,0.00,0.0000,0.0,0.0,0,0.0,0.0,1.08,0,0
26182,0.27,-0.06,0.95,0.20,0.05,1.03,1009.47,34.69,0.00,0.00,0.00,0.00,0.0000,0.0000,0.0000,0.0000,IDLE,0.0,1,0.00,0.0000,0,0,0,0.00,0.0000,0.0,0.0,0,0.0,0.0,1.08,0,0
26232,0.27,-0.06,0.96,0.24,0.05,1.03,1009.46,34.69,0.00,0.00,0.00,0.00,0.0000,0.0000,0.0000,0.0000,IDLE,0.0,1,0.00,0.0000,0,0,0,0.00,0.0000,0.0,0.0,0,0.0,0.0,1.08,0,0
26282,0.28,-0.07,0.96,0.20,0.05,0.98,1009.46,34.69,0.00,0.00,0.00,0.00,0.0000,0.0000,0.0000,0.0000,IDLE,0.0,1,0.00,0.0000,0,0,0,0.00,0.0000,0.0,0.0,0,0.0,0.0,1.08,0,0
26332,0.28,-0.06,0.96,0.24,0.00,1.03,1009.46,34.69,0.00,0.00,0.00,0.00,0.0000,0.0000,0.0000,0.0000,IDLE,0.0,1,0.00,0.0000,0,0,0,0.00,0.0000,0.0,0.0,0,0.0,0.0,1.08,0,0
26382,0.27,-0.06,0.93,0.20,0.05,0.98,1009.49,34.68,0.00,0.00,0.00,0.00,0.0000,0.0000,0.0000,0.0000,IDLE,0.0,1,0.00,0.0000,0,0,0,0.00,0.0000,0.0,0.0,0,0.0,0.0,1.08,0,0
26432,0.28,-0.06,0.96,0.20,0.00,1.03,1009.56,34.69,0.00,0.00,0.00,0.00,0.0000,0.0000,0.0000,0.0000,IDLE,0.0,1,0.00,0.0000,0,0,0,0.00,0.0000,0.0,0.0,0,0.0,0.0,1.08,0,0
26482,0.27,-0.06,0.95,0.20,0.05,1.03,1009.48,34.69,0.00,0.00,0.00,0.00,0.0000,0.0000,0.0000,0.0000,IDLE,0.0,1,0.00,0.0000,0,0,0,0.00,0.0000,0.0,0.0,0,0.0,0.0,1.08,0,0
26532,0.27,-0.06,0.96,0.20,0.05,1.08,1009.50,34.69,0.00,0.00,0.00,0.00,0.0000,0.0000,0.0000,0.0000,IDLE,0.0,1,0.00,0.0000,0,0,0,0.00,0.0000,0.0,0.0,0,0.0,0.0,1.08,0,0
26582,0.28,-0.05,0.96,0.29,0.00,0.98,1009.44,34.69,0.00,0.00,0.00,0.00,0.0000,0.0000,0.0000,0.0000,IDLE,0.0,1,0.00,0.0000,0,0,0,0.00,0.0000,0.0,0.0,0,0.0,0.0,1.08,0,0
26632,0.27,-0.07,0.94,0.15,0.10,1.03,1009.47,34.68,0.00,0.00,0.00,0.00,0.0000,0.0000,0.0000,0.0000,IDLE,0.0,1,0.00,0.0000,0,0,0,0.00,0.0000,0.0,0.0,0,0.0,0.0,1.08,0,0
26682,0.28,-0.06,0.95,0.24,0.05,1.03,1009.45,34.68,0.00,0.00,0.00,0.00,0.0000,0.0000,0.0000,0.0000,IDLE,0.0,1,0.00,0.0000,0,0,0,0.00,0.0000,0.0,0.0,0,0.0,0.0,1.08,0,0
26732,0.28,-0.05,0.97,0.24,0.05,1.03,1009.50,34.69,0.00,0.00,0.00,0.00,0.0000,0.0000,0.0000,0.0000,IDLE,0.0,1,0.00,0.0000,0,0,0,0.00,0.0000,0.0,0.0,0,0.0,0.0,1.08,0,0
26782,0.27,-0.07,0.94,0.20,0.05,0.98,1009.48,34.68,0.00,0.00,0.00,0.00,0.0000,0.0000,0.0000,0.0000,IDLE,0.0,1,0.00,0.0000,0,0,0,0.00,0.0000,0.0,0.0,0,0.0,0.0,1.08,0,0
26832,0.28,-0.07,0.95,0.20,0.05,1.03,1009.48,34.68,0.00,0.00,0.00,0.00,0.0000,0.0000,0.0000,0.0000,IDLE,0.0,1,0.00,0.0000,0,0,0,0.00,0.0000,0.0,0.0,0,0.0,0.0,1.08,0,0
26882,0.28,-0.06,0.97,0.24,0.05,1.08,1009.49,34.68,0.00,0.00,0.00,0.00,0.0000,0.0000,0.0000,0.0000,IDLE,0.0,1,0.00,0.0000,0,0,0,0.00,0.0000,0.0,0.0,0,0.0,0.0,1.08,0,0
26932,0.27,-0.07,0.94,0.20,0.05,1.03,1009.50,34.68,0.00,0.00,0.00,0.00,0.0000,0.0000,0.0000,0.0000,IDLE,0.0,1,0.00,0.0000,0,0,0,0.00,0.0000,0.0,0.0,0,0.0,0.0,1.08,0,0
26982,0.28,-0.06,0.98,0.24,0.05,1.03,1009.50,34.69,0.00,0.00,0.00,0.00,0.0000,0.0000,0.0000,0.0000,IDLE,0.0,1,0.00,0.0000,0,0,0,0.00,0.0000,0.0,0.0,0,0.0,0.0,1.08,0,0
27032,0.27,-0.05,0.95,0.20,0.05,0.93,1009.45,34.69,0.00,0.00,0.00,0.00,0.0000,0.0000,0.0000,0.0000,IDLE,0.0,1,0.00,0.0000,0,0,0,0.00,0.0000,0.0,0.0,0,0.0,0.0,1.08,0,0
27082,0.27,-0.07,0.96,0.20,0.05,1.08,1009.45,34.69,0.00,0.00,0.00,0.00,0.0000,0.0000,0.0000,0.0000,IDLE,0.0,1,0.00,0.0000,0,0,0,0.00,0.0000,0.0,0.0,0,0.0,0.0,1.08,0,0
27132,0.28,-0.05,0.96,0.24,0.00,1.08,1009.50,34.69,0.00,0.00,0.00,0.00,0.0000,0.0000,0.0000,0.0000,IDLE,0.0,1,0.00,0.0000,0,0,0,0.00,0.0000,0.0,0.0,0,0.0,0.0,1.08,0,0
27182,0.27,-0.06,0.96,0.24,0.00,0.98,1009.50,34.68,0.00,0.00,0.00,0.00,0.0000,0.0000,0.0000,0.0000,IDLE,0.0,1,0.00,0.0000,0,0,0,0.00,0.0000,0.0,0.0,0,0.0,0.0,1.08,0,0
27232,0.28,-0.07,0.95,0.24,0.05,1.03,1009.44,34.68,0.00,0.00,0.00,0.00,0.0000,0.0000,0.0000,0.0000,IDLE,0.0,1,0.00,0.0000,0,0,0,0.00,0.0000,0.0,0.0,0,0.0,0.0,1.08,0,0
27282,0.28,-0.06,0.97,0.20,0.00,0.98,1009.44,34.68,0.00,0.00,0.00,0.00,0.0000,0.0000,0.0000,0.0000,IDLE,0.0,1,0.00,0.0000,0,0,0,0.00,0.0000,0.0,0.0,0,0.0,0.0,1.08,0,0
27332,0.27,-0.06,0.95,0.24,0.05,0.98,1009.49,34.68,0.00,0.00,0.00,0.00,0.0000,0.0000,0.0000,0.0000,IDLE,0.0,1,0.00,0.0000,0,0,0,0.00,0.0000,0.0,0.0,0,0.0,0.0,1.08,0,0
27382,0.28,-0.06,0.96,0.24,0.00,0.98,1009.49,34.68,0.00,0.00,0.00,0.00,0.0000,0.0000,0.0000,0.0000,IDLE,0.0,1,0.00,0.0000,0,0,0,0.00,0.0000,0.0,0.0,0,0.0,0.0,1.08,0,0
27432,0.27,-0.06,0.96,0.20,0.00,1.03,1009.51,34.68,0.00,0.00,0.00,0.00,0.0000,0.0000,0.0000,0.0000,IDLE,0.0,1,0.00,0.0000,0,0,0,0.00,0.0000,0.0,0.0,0,0.0,0.0,1.08,0,0
27482,0.28,-0.06,0.97,0.24,0.05,1.03,1009.43,34.68,0.00,0.00,0.00,0.00,0.0000,0.0000,0.0000,0.0000,IDLE,0.0,1,0.00,0.0000,0,0,0,0.00,0.0000,0.0,0.0,0,0.0,0.0,1.08,0,0
27532,0.27,-0.06,0.95,0.24,0.00,1.03,1009.44,34.68,0.00,0.00,0.00,0.00,0.0000,0.0000,0.0000,0.0000,IDLE,0.0,1,0.00,0.0000,0,0,0,0.00,0.0000,0.0,0.0,0,0.0,0.0,1.08,0,0
27582,0.28,-0.06,0.96,0.24,0.00,1.08,1009.47,34.68,0.00,0.00,0.00,0.00,0.0000,0.0000,0.0000,0.0000,IDLE,0.0,1,0.00,0.0000,0,0,0,0.00,0.0000,0.0,0.0,0,0.0,0.0,1.08,0,0
27632,0.27,-0.06,0.96,0.24,0.05,0.98,1009.44,34.68,0.00,0.00,0.00,0.00,0.0000,0.0000,0.0000,0.0000,IDLE,0.0,1,0.00,0.0000,0,0,0,0.00,0.0000,0.0,0.0,0,0.0,0.0,1.08,0,0
27682,0.28,-0.06,0.96,0.20,0.05,1.03,1009.54,34.68,0.00,0.00,0.00,0.00,0.0000,0.0000,0.0000,0.0000,IDLE,0.0,1,0.00,0.0000,0,0,0,0.00,0.0000,0.0,0.0,0,0.0,0.0,1.08,0,0
27732,0.28,-0.07,0.96,0.20,0.00,1.03,1009.48,34.68,0.00,0.00,0.00,0.00,0.0000,0.0000,0.0000,0.0000,IDLE,0.0,1,0.00,0.0000,0,0,0,0.00,0.0000,0.0,0.0,0,0.0,0.0,1.08,0,0
27782,0.28,-0.06,0.96,0.20,0.05,1.03,1009.51,34.68,0.00,0.00,0.00,0.00,0.0000,0.0000,0.0000,0.0000,IDLE,0.0,1,0.00,0.0000,0,0,0,0.00,0.0000,0.0,0.0,0,0.0,0.0,1.08,0,0
27832,0.26,-0.06,0.95,0.20,0.00,1.03,1009.45,34.68,0.00,0.00,0.00,0.00,0.0000,0.0000,0.0000,0.0000,IDLE,0.0,1,0.00,0.0000,0,0,0,0.00,0.0000,0.0,0.0,0,0.0,0.0,1.08,0,0
27882,0.28,-0.07,0.94,0.20,0.05,0.98,1009.46,34.68,0.00,0.00,0.00,0.00,0.0000,0.0000,0.0000,0.0000,IDLE,0.0,1,0.00,0.0000,0,0,0,0.00,0.0000,0.0,0.0,0,0.0,0.0,1.08,0,0
27932,0.28,-0.06,0.96,0.24,0.00,1.03,1009.46,34.68,0.00,0.00,0.00,0.00,0.0000,0.0000,0.0000,0.0000,IDLE,0.0,1,0.00,0.0000,0,0,0,0.00,0.0000,0.0,0.0,0,0.0,0.0,1.08,0,0
27982,0.28,-0.06,0.95,0.20,0.05,0.98,1009.50,34.68,0.00,0.00,0.00,0.00,0.0000,0.0000,0.0000,0.0000,IDLE,0.0,1,0.00,0.0000,0,0,0,0.00,0.0000,0.0,0.0,0,0.0,0.0,1.08,0,0
28032,0.27,-0.06,0.96,0.20,0.05,1.03,1009.50,34.68,0.00,0.00,0.00,0.00,0.0000,0.0000,0.0000,0.0000,IDLE,0.0,1,0.00,0.0000,0,0,0,0.00,0.0000,0.0,0.0,0,0.0,0.0,1.08,0,0
28082,0.28,-0.06,0.94,0.15,0.05,0.98,1009.48,34.68,0.00,0.00,0.00,0.00,0.0000,0.0000,0.0000,0.0000,IDLE,0.0,1,0.00,0.0000,0,0,0,0.00,0.0000,0.0,0.0,0,0.0,0.0,1.08,0,0
28132,0.27,-0.06,0.95,0.24,0.00,1.03,1009.49,34.68,0.00,0.00,0.00,0.00,0.0000,0.0000,0.0000,0.0000,IDLE,0.0,1,0.00,0.0000,0,0,0,0.00,0.0000,0.0,0.0,0,0.0,0.0,1.08,0,0
28182,0.28,-0.06,0.96,0.20,0.00,1.03,1009.54,34.68,0.00,0.00,0.00,0.00,0.0000,0.0000,0.0000,0.0000,IDLE,0.0,1,0.00,0.0000,0,0,0,0.00,0.0000,0.0,0.0,0,0.0,0.0,1.08,0,0
28232,0.28,-0.06,0.95,0.20,0.00,1.03,1009.51,34.68,0.00,0.00,0.00,0.00,0.0000,0.0000,0.0000,0.0000,IDLE,0.0,1,0.00,0.0000,0,0,0,0.00,0.0000,0.0,0.0,0,0.0,0.0,1.08,0,0
28282,0.28,-0.07,0.95,0.20,0.00,1.03,1009.47,34.68,0.00,0.00,0.00,0.00,0.0000,0.0000,0.0000,0.0000,IDLE,0.0,1,0.00,0.0000,0,0,0,0.00,0.0000,0.0,0.0,0,0.0,0.0,1.08,0,0
28332,0.28,-0.06,0.96,0.24,0.05,1.08,1009.50,34.68,0.00,0.00,0.00,0.00,0.0000,0.0000,0.0000,0.0000,IDLE,0.0,1,0.00,0.0000,0,0,0,0.00,0.0000,0.0,0.0,0,0.0,0.0,1.08,0,0
28382,0.28,-0.06,0.96,0.20,0.05,1.03,1009.48,34.67,0.00,0.00,0.00,0.00,0.0000,0.0000,0.0000,0.0000,IDLE,0.0,1,0.00,0.0000,0,0,0,0.00,0.0000,0.0,0.0,0,0.0,0.0,1.08,0,0
28431,0.28,-0.06,0.96,0.20,0.05,1.03,1009.54,34.67,0.00,0.00,0.00,0.00,0.0000,0.0000,0.0000,0.0000,IDLE,0.0,1,0.00,0.0000,0,0,0,0.00,0.0000,0.0,0.0,0,0.0,0.0,1.08,0,0
28482,0.28,-0.06,0.96,0.24,0.00,0.98,1009.45,34.68,0.00,0.00,0.00,0.00,0.0000,0.0000,0.0000,0.0000,IDLE,0.0,1,0.00,0.0000,0,0,0,0.00,0.0000,0.0,0.0,0,0.0,0.0,1.08,0,0
28532,0.27,-0.06,0.96,0.20,0.05,1.08,1009.47,34.68,0.00,0.00,0.00,0.00,0.0000,0.0000,0.0000,0.0000,IDLE,0.0,1,0.00,0.0000,0,0,0,0.00,0.0000,0.0,0.0,0,0.0,0.0,1.08,0,0
28582,0.28,-0.06,0.96,0.24,0.00,0.98,1009.47,34.67,0.00,0.00,0.00,0.00,0.0000,0.0000,0.0000,0.0000,IDLE,0.0,1,0.00,0.0000,0,0,0,0.00,0.0000,0.0,0.0,0,0.0,0.0,1.08,0,0
28632,0.28,-0.06,0.96,0.24,0.00,0.98,1009.52,34.68,0.00,0.00,0.00,0.00,0.0000,0.0000,0.0000,0.0000,IDLE,0.0,1,0.00,0.0000,0,0,0,0.00,0.0000,0.0,0.0,0,0.0,0.0,1.08,0,0
28682,0.27,-0.06,0.96,0.20,0.05,1.03,1009.52,34.68,0.00,0.00,0.00,0.00,0.0000,0.0000,0.0000,0.0000,IDLE,0.0,1,0.00,0.0000,0,0,0,0.00,0.0000,0.0,0.0,0,0.0,0.0,1.08,0,0
28732,0.27,-0.06,0.96,0.24,0.05,1.03,1009.50,34.68,0.00,0.00,0.00,0.00,0.0000,0.0000,0.0000,0.0000,IDLE,0.0,1,0.00,0.0000,0,0,0,0.00,0.0000,0.0,0.0,0,0.0,0.0,1.08,0,0
28782,0.28,-0.06,0.96,0.24,0.05,1.03,1009.50,34.67,0.00,0.00,0.00,0.00,0.0000,0.0000,0.0000,0.0000,IDLE,0.0,1,0.00,0.0000,0,0,0,0.00,0.0000,0.0,0.0,0,0.0,0.0,1.08,0,0
28832,0.27,-0.06,0.96,0.15,0.05,0.98,1009.46,34.67,0.00,0.00,0.00,0.00,0.0000,0.0000,0.0000,0.0000,IDLE,0.0,1,0.00,0.0000,0,0,0,0.00,0.0000,0.0,0.0,0,0.0,0.0,1.08,0,0
28882,0.28,-0.06,0.96,0.20,0.00,1.08,1009.47,34.68,0.00,0.00,0.00,0.00,0.0000,0.0000,0.0000,0.0000,IDLE,0.0,1,0.00,0.0000,0,0,0,0.00,0.0000,0.0,0.0,0,0.0,0.0,1.08,0,0
28932,0.27,-0.06,0.96,0.20,0.05,1.08,1009.52,34.67,0.00,0.00,0.00,0.00,0.0000,0.0000,0.0000,0.0000,IDLE,0.0,1,0.00,0.0000,0,0,0,0.00,0.0000,0.0,0.0,0,0.0,0.0,1.08,0,0
28982,0.28,-0.06,0.96,0.20,0.05,1.03,1009.54,34.67,0.00,0.00,0.00,0.00,0.0000,0.0000,0.0000,0.0000,IDLE,0.0,1,0.00,0.0000,0,0,0,0.00,0.0000,0.0,0.0,0,0.0,0.0,1.08,0,0
29032,0.27,-0.07,0.96,0.24,0.05,0.98,1009.50,34.67,0.00,0.00,0.00,0.00,0.0000,0.0000,0.0000,0.0000,IDLE,0.0,1,0.00,0.0000,0,0,0,0.00,0.0000,0.0,0.0,0,0.0,0.0,1.08,0,0
29082,0.28,-0.07,0.95,0.24,0.00,1.08,1009.51,34.67,0.00,0.00,0.00,0.00,0.0000,0.0000,0.0000,0.0000,IDLE,0.0,1,0.00,0.0000,0,0,0,0.00,0.0000,0.0,0.0,0,0.0,0.0,1.08,0,0
29132,0.28,-0.05,0.96,0.20,0.05,1.03,1009.49,34.67,0.00,0.00,0.00,0.00,0.0000,0.0000,0.0000,0.0000,IDLE,0.0,1,0.00,0.0000,0,0,0,0.00,0.0000,0.0,0.0,0,0.0,0.0,1.08,0,0
29182,0.28,-0.06,0.95,0.15,0.05,1.03,1009.43,34.67,0.00,0.00,0.00,0.00,0.0000,0.0000,0.0000,0.0000,IDLE,0.0,1,0.00,0.0000,0,0,0,0.00,0.0000,0.0,0.0,0,0.0,0.0,1.08,0,0
29232,0.27,-0.05,0.96,0.24,0.05,0.98,1009.47,34.67,0.00,0.00,0.00,0.00,0.0000,0.0000,0.0000,0.0000,IDLE,0.0,1,0.00,0.0000,0,0,0,0.00,0.0000,0.0,0.0,0,0.0,0.0,1.08,0,0
29282,0.27,-0.08,0.96,0.20,0.05,1.08,1009.48,34.67,0.00,0.00,0.00,0.00,0.0000,0.0000,0.0000,0.0000,IDLE,0.0,1,0.00,0.0000,0,0,0,0.00,0.0000,0.0,0.0,0,0.0,0.0,1.08,0,0
29332,0.28,-0.05,0.96,0.15,0.05,1.03,1009.48,34.67,0.00,0.00,0.00,0.00,0.0000,0.0000,0.0000,0.0000,IDLE,0.0,1,0.00,0.0000,0,0,0,0.00,0.0000,0.0,0.0,0,0.0,0.0,1.08,0,0
29382,0.28,-0.07,0.95,0.24,0.05,0.98,1009.56,34.67,0.00,0.00,0.00,0.00,0.0000,0.0000,0.0000,0.0000,IDLE,0.0,1,0.00,0.0000,0,0,0,0.00,0.0000,0.0,0.0,0,0.0,0.0,1.08,0,0
29432,0.28,-0.04,0.96,0.20,0.05,1.03,1009.56,34.67,0.00,0.00,0.00,0.00,0.0000,0.0000,0.0000,0.0000,IDLE,0.0,1,0.00,0.0000,0,0,0,0.00,0.0000,0.0,0.0,0,0.0,0.0,1.08,0,0
29482,0.27,-0.08,0.95,0.20,0.05,1.03,1009.51,34.67,0.00,0.00,0.00,0.00,0.0000,0.0000,0.0000,0.0000,IDLE,0.0,1,0.00,0.0000,0,0,0,0.00,0.0000,0.0,0.0,0,0.0,0.0,1.08,0,0
29532,0.28,-0.04,0.96,0.24,0.05,1.03,1009.50,34.67,0.00,0.00,0.00,0.00,0.0000,0.0000,0.0000,0.0000,IDLE,0.0,1,0.00,0.0000,0,0,0,0.00,0.0000,0.0,0.0,0,0.0,0.0,1.08,0,0
29582,0.28,-0.07,0.96,0.20,0.05,1.03,1009.48,34.67,0.00,0.00,0.00,0.00,0.0000,0.0000,0.0000,0.0000,IDLE,0.0,1,0.00,0.0000,0,0,0,0.00,0.0000,0.0,0.0,0,0.0,0.0,1.08,0,0
29632,0.28,-0.06,0.95,0.24,0.00,1.03,1009.42,34.67,0.00,0.00,0.00,0.00,0.0000,0.0000,0.0000,0.0000,IDLE,0.0,1,0.00,0.0000,0,0,0,0.00,0.0000,0.0,0.0,0,0.0,0.0,1.08,0,0
29682,0.28,-0.06,0.95,0.20,0.05,0.98,1009.45,34.68,0.00,0.00,0.00,0.00,0.0000,0.0000,0.0000,0.0000,IDLE,0.0,1,0.00,0.0000,0,0,0,0.00,0.0000,0.0,0.0,0,0.0,0.0,1.08,0,0
29732,0.28,-0.06,0.96,0.20,0.05,0.98,1009.50,34.67,0.00,0.00,0.00,0.00,0.0000,0.0000,0.0000,0.0000,IDLE,0.0,1,0.00,0.0000,0,0,0,0.00,0.0000,0.0,0.0,0,0.0,0.0,1.08,0,0
29782,0.28,-0.06,0.96,0.24,0.05,1.03,1009.47,34.67,0.00,0.00,0.00,0.00,0.0000,0.0000,0.0000,0.0000,IDLE,0.0,1,0.00,0.0000,0,0,0,0.00,0.0000,0.0,0.0,0,0.0,0.0,1.08,0,0
29832,0.28,-0.06,0.95,0.20,0.05,0.98,1009.46,34.67,0.00,0.00,0.00,0.00,0.0000,0.0000,0.0000,0.0000,IDLE,0.0,1,0.00,0.0000,0,0,0,0.00,0.0000,0.0,0.0,0,0.0,0.0,1.08,0,0
29882,0.27,-0.06,0.96,0.20,0.05,1.08,1009.50,34.68,0.00,0.00,0.00,0.00,0.0000,0.0000,0.0000,0.0000,IDLE,0.0,1,0.00,0.0000,0,0,0,0.00,0.0000,0.0,0.0,0,0.0,0.0,1.08,0,0
29932,0.27,-0.06,0.96,0.20,0.05,1.03,1009.48,34.67,0.00,0.00,0.00,0.00,0.0000,0.0000,0.0000,0.0000,IDLE,0.0,1,0.00,0.0000,0,0,0,0.00,0.0000,0.0,0.0,0,0.0,0.0,1.08,0,0
29982,0.27,-0.06,0.95,0.24,0.05,0.98,1009.42,34.67,0.00,0.00,0.00,0.00,0.0000,0.0000,0.0000,0.0000,IDLE,0.0,1,0.00,0.0000,0,0,0,0.00,0.0000,0.0,0.0,0,0.0,0.0,1.08,0,0
30032,0.28,-0.06,0.96,0.24,0.05,0.98,1009.44,34.67,0.00,0.00,0.00,0.00,0.0000,0.0000,0.0000,0.0000,IDLE,0.0,1,0.00,0.0000,0,0,0,0.00,0.0000,0.0,0.0,0,0.0,0.0,1.08,0,0
30082,0.28,-0.06,0.96,0.20,0.00,0.98,1009.46,34.67,0.00,0.00,0.00,0.00,0.0000,0.0000,0.0000,0.0000,IDLE,0.0,1,0.00,0.0000,0,0,0,0.00,0.0000,0.0,0.0,0,0.0,0.0,1.08,0,0
30132,0.28,-0.06,0.96,0.24,0.05,1.08,1009.48,34.67,0.00,0.00,0.00,0.00,0.0000,0.0000,0.0000,0.0000,IDLE,0.0,1,0.00,0.0000,0,0,0,0.00,0.0000,0.0,0.0,0,0.0,0.0,1.08,0,0
30182,0.27,-0.06,0.96,0.24,0.05,0.98,1009.40,34.67,0.00,0.00,0.00,0.00,0.0000,0.0000,0.0000,0.0000,IDLE,0.0,1,0.00,0.0000,0,0,0,0.00,0.0000,0.0,0.0,0,0.0,0.0,1.08,0,0
30232,0.28,-0.06,0.96,0.24,0.05,0.98,1009.49,34.67,0.00,0.00,0.00,0.00,0.0000,0.0000,0.0000,0.0000,IDLE,0.0,1,0.00,0.0000,0,0,0,0.00,0.0000,0.0,0.0,0,0.0,0.0,1.08,0,0
30282,0.27,-0.06,0.96,0.20,0.05,1.03,1009.50,34.67,0.00,0.00,0.00,0.00,0.0000,0.0000,0.0000,0.0000,IDLE,0.0,1,0.00,0.0000,0,0,0,0.00,0.0000,0.0,0.0,0,0.0,0.0,1.08,0,0
30332,0.27,-0.06,0.96,0.24,0.05,1.03,1009.45,34.67,0.00,0.00,0.00,0.00,0.0000,0.0000,0.0000,0.0000,IDLE,0.0,1,0.00,0.0000,0,0,0,0.00,0.0000,0.0,0.0,0,0.0,0.0,1.08,0,0
30382,0.28,-0.06,0.96,0.20,0.05,0.98,1009.46,34.67,0.00,0.00,0.00,0.00,0.0000,0.0000,0.0000,0.0000,IDLE,0.0,1,0.00,0.0000,0,0,0,0.00,0.0000,0.0,0.0,0,0.0,0.0,1.08,0,0
30432,0.28,-0.06,0.95,0.24,0.05,1.03,1009.44,34.66,0.00,0.00,0.00,0.00,0.0000,0.0000,0.0000,0.0000,IDLE,0.0,1,0.00,0.0000,0,0,0,0.00,0.0000,0.0,0.0,0,0.0,0.0,1.08,0,0
30482,0.27,-0.06,0.96,0.24,0.00,0.98,1009.48,34.67,0.00,0.00,0.00,0.00,0.0000,0.0000,0.0000,0.0000,IDLE,0.0,1,0.00,0.0000,0,0,0,0.00,0.0000,0.0,0.0,0,0.0,0.0,1.08,0,0
30532,0.28,-0.05,0.96,0.24,0.00,0.98,1009.46,34.66,0.00,0.00,0.00,0.00,0.0000,0.0000,0.0000,0.0000,IDLE,0.0,1,0.00,0.0000,0,0,0,0.00,0.0000,0.0,0.0,0,0.0,0.0,1.08,0,0
30582,0.28,-0.07,0.95,0.20,0.05,1.03,1009.45,34.67,0.00,0.00,0.00,0.00,0.0000,0.0000,0.0000,0.0000,IDLE,0.0,1,0.00,0.0000,0,0,0,0.00,0.0000,0.0,0.0,0,0.0,0.0,1.08,0,0
30632,0.28,-0.07,0.96,0.24,0.00,1.03,1009.44,34.67,0.00,0.00,0.00,0.00,0.0000,0.0000,0.0000,0.0000,IDLE,0.0,1,0.00,0.0000,0,0,0,0.00,0.0000,0.0,0.0,0,0.0,0.0,1.08,0,0
30682,0.28,-0.06,0.95,0.20,0.05,0.98,1009.43,34.67,0.00,0.00,0.00,0.00,0.0000,0.0000,0.0000,0.0000,IDLE,0.0,1,0.00,0.0000,0,0,0,0.00,0.0000,0.0,0.0,0,0.0,0.0,1.08,0,0
30732,0.27,-0.07,0.95,0.24,0.05,0.98,1009.47,34.67,0.00,0.00,0.00,0.00,0.0000,0.0000,0.0000,0.0000,IDLE,0.0,1,0.00,0.0000,0,0,0,0.00,0.0000,0.0,0.0,0,0.0,0.0,1.08,0,0
30782,0.29,-0.06,0.95,0.20,0.05,0.98,1009.49,34.67,0.00,0.00,0.00,0.00,0.0000,0.0000,0.0000,0.0000,IDLE,0.0,1,0.00,0.0000,0,0,0,0.00,0.0000,0.0,0.0,0,0.0,0.0,1.08,0,0
30832,0.27,-0.08,0.97,0.20,0.05,1.03,1009.49,34.67,0.00,0.00,0.00,0.00,0.0000,0.0000,0.0000,0.0000,IDLE,0.0,1,0.00,0.0000,0,0,0,0.00,0.0000,0.0,0.0,0,0.0,0.0,1.08,0,0
30882,0.28,-0.06,0.96,0.20,0.05,1.03,1009.46,34.66,0.00,0.00,0.00,0.00,0.0000,0.0000,0.0000,0.0000,IDLE,0.0,1,0.00,0.0000,0,0,0,0.00,0.0000,0.0,0.0,0,0.0,0.0,1.08,0,0
30932,0.28,-0.06,0.95,0.24,0.00,1.03,1009.46,34.67,0.00,0.00,0.00,0.00,0.0000,0.0000,0.0000,0.0000,IDLE,0.0,1,0.00,0.0000,0,0,0,0.00,0.0000,0.0,0.0,0,0.0,0.0,1.08,0,0
30982,0.28,-0.07,0.95,0.20,0.05,0.98,1009.47,34.67,0.00,0.00,0.00,0.00,0.0000,0.0000,0.0000,0.0000,IDLE,0.0,1,0.00,0.0000,0,0,0,0.00,0.0000,0.0,0.0,0,0.0,0.0,1.08,0,0
31032,0.27,-0.05,0.95,0.20,0.05,0.98,1009.46,34.66,0.00,0.00,0.00,0.00,0.0000,0.0000,0.0000,0.0000,IDLE,0.0,1,0.00,0.0000,0,0,0,0.00,0.0000,0.0,0.0,0,0.0,0.0,1.08,0,0
31082,0.27,-0.08,0.95,0.20,0.05,1.03,1009.44,34.67,0.00,0.00,0.00,0.00,0.0000,0.0000,0.0000,0.0000,IDLE,0.0,1,0.00,0.0000,0,0,0,0.00,0.0000,0.0,0.0,0,0.0,0.0,1.08,0,0
31132,0.28,-0.05,0.95,0.20,0.05,1.03,1009.48,34.67,0.00,0.00,0.00,0.00,0.0000,0.0000,0.0000,0.0000,IDLE,0.0,1,0.00,0.0000,0,0,0,0.00,0.0000,0.0,0.0,0,0.0,0.0,1.08,0,0
31182,0.28,-0.08,0.96,0.20,0.10,1.03,1009.50,34.66,0.00,0.00,0.00,0.00,0.0000,0.0000,0.0000,0.0000,IDLE,0.0,1,0.00,0.0000,0,0,0,0.00,0.0000,0.0,0.0,0,0.0,0.0,1.08,0,0
31232,0.28,-0.04,0.96,0.15,0.05,1.03,1009.46,34.66,0.00,0.00,0.00,0.00,0.0000,0.0000,0.0000,0.0000,IDLE,0.0,1,0.00,0.0000,0,0,0,0.00,0.0000,0.0,0.0,0,0.0,0.0,1.08,0,0
31282,0.26,-0.08,0.96,0.24,0.00,1.03,1009.48,34.66,0.00,0.00,0.00,0.00,0.0000,0.0000,0.0000,0.0000,IDLE,0.0,1,0.00,0.0000,0,0,0,0.00,0.0000,0.0,0.0,0,0.0,0.0,1.08,0,0
31332,0.28,-0.05,0.96,0.20,0.05,1.03,1009.54,34.66,0.00,0.00,0.00,0.00,0.0000,0.0000,0.0000,0.0000,IDLE,0.0,1,0.00,0.0000,0,0,0,0.00,0.0000,0.0,0.0,0,0.0,0.0,1.08,0,0
31382,0.27,-0.07,0.95,0.24,0.05,1.03,1009.47,34.66,0.00,0.00,0.00,0.00,0.0000,0.0000,0.0000,0.0000,IDLE,0.0,1,0.00,0.0000,0,0,0,0.00,0.0000,0.0,0.0,0,0.0,0.0,1.08,0,0
31431,0.28,-0.06,0.95,0.20,0.00,0.98,1009.50,34.66,0.00,0.00,0.00,0.00,0.0000,0.0000,0.0000,0.0000,IDLE,0.0,1,0.00,0.0000,0,0,0,0.00,0.0000,0.0,0.0,0,0.0,0.0,1.08,0,0
31482,0.27,-0.06,0.96,0.24,0.05,0.98,1009.49,34.66,0.00,0.00,0.00,0.00,0.0000,0.0000,0.0000,0.0000,IDLE,0.0,1,0.00,0.0000,0,0,0,0.00,0.0000,0.0,0.0,0,0.0,0.0,1.08,0,0
31532,0.27,-0.07,0.96,0.20,0.05,1.03,1009.51,34.66,0.00,0.00,0.00,0.00,0.0000,0.0000,0.0000,0.0000,IDLE,0.0,1,0.00,0.0000,0,0,0,0.00,0.0000,0.0,0.0,0,0.0,0.0,1.08,0,0
31582,0.27,-0.05,0.96,0.20,0.00,1.03,1009.43,34.66,0.00,0.00,0.00,0.00,0.0000,0.0000,0.0000,0.0000,IDLE,0.0,1,0.00,0.0000,0,0,0,0.00,0.0000,0.0,0.0,0,0.0,0.0,1.08,0,0
31632,0.28,-0.07,0.95,0.20,0.05,0.98,1009.53,34.66,0.00,0.00,0.00,0.00,0.0000,0.0000,0.0000,0.0000,IDLE,0.0,1,0.00,0.0000,0,0,0,0.00,0.0000,0.0,0.0,0,0.0,0.0,1.08,0,0
31682,0.28,-0.05,0.96,0.24,0.05,1.03,1009.47,34.66,0.00,0.00,0.00,0.00,0.0000,0.0000,0.0000,0.0000,IDLE,0.0,1,0.00,0.0000,0,0,0,0.00,0.0000,0.0,0.0,0,0.0,0.0,1.08,0,0
31732,0.27,-0.07,0.96,0.24,0.00,1.03,1009.43,34.66,0.00,0.00,0.00,0.00,0.0000,0.0000,0.0000,0.0000,IDLE,0.0,1,0.00,0.0000,0,0,0,0.00,0.0000,0.0,0.0,0,0.0,0.0,1.08,0,0
31782,0.27,-0.05,0.96,0.20,0.05,1.03,1009.45,34.66,0.00,0.00,0.00,0.00,0.0000,0.0000,0.0000,0.0000,IDLE,0.0,1,0.00,0.0000,0,0,0,0.00,0.0000,0.0,0.0,0,0.0,0.0,1.08,0,0
31832,0.27,-0.07,0.95,0.20,0.05,0.98,1009.46,34.66,0.00,0.00,0.00,0.00,0.0000,0.0000,0.0000,0.0000,IDLE,0.0,1,0.00,0.0000,0,0,0,0.00,0.0000,0.0,0.0,0,0.0,0.0,1.08,0,0
31882,0.28,-0.06,0.96,0.20,0.05,1.03,1009.55,34.66,0.00,0.00,0.00,0.00,0.0000,0.0000,0.0000,0.0000,IDLE,0.0,1,0.00,0.0000,0,0,0,0.00,0.0000,0.0,0.0,0,0.0,0.0,1.08,0,0
31932,0.28,-0.06,0.95,0.24,0.05,0.98,1009.46,34.66,0.00,0.00,0.00,0.00,0.0000,0.0000,0.0000,0.0000,IDLE,0.0,1,0.00,0.0000,0,0,0,0.00,0.0000,0.0,0.0,0,0.0,0.0,1.08,0,0
31982,0.27,-0.06,0.95,0.24,0.05,1.03,1009.49,34.66,0.00,0.00,0.00,0.00,0.0000,0.0000,0.0000,0.0000,IDLE,0.0,1,0.00,0.0000,0,0,0,0.00,0.0000,0.0,0.0,0,0.0,0.0,1.08,0,0
32032,0.28,-0.06,0.95,0.24,0.05,1.08,1009.45,34.66,0.00,0.00,0.00,0.00,0.0000,0.0000,0.0000,0.0000,IDLE,0.0,1,0.00,0.0000,0,0,0,0.00,0.0000,0.0,0.0,0,0.0,0.0,1.08,0,0
32082,0.28,-0.06,0.96,0.24,0.00,1.03,1009.41,34.66,0.00,0.00,0.00,0.00,0.0000,0.0000,0.0000,0.0000,IDLE,0.0,1,0.00,0.0000,0,0,0,0.00,0.0000,0.0,0.0,0,0.0,0.0,1.08,0,0
32132,0.28,-0.06,0.95,0.20,0.05,1.03,1009.49,34.66,0.00,0.00,0.00,0.00,0.0000,0.0000,0.0000,0.0000,IDLE,0.0,1,0.00,0.0000,0,0,0,0.00,0.0000,0.0,0.0,0,0.0,0.0,1.08,0,0
32182,0.27,-0.06,0.96,0.20,0.05,1.03,1009.50,34.66,0.00,0.00,0.00,0.00,0.0000,0.0000,0.0000,0.0000,IDLE,0.0,1,0.00,0.0000,0,0,0,0.00,0.0000,0.0,0.0,0,0.0,0.0,1.08,0,0
32232,0.28,-0.06,0.96,0.20,0.05,0.98,1009.52,34.66,0.00,0.00,0.00,0.00,0.0000,0.0000,0.0000,0.0000,IDLE,0.0,1,0.00,0.0000,0,0,0,0.00,0.0000,0.0,0.0,0,0.0,0.0,1.08,0,0
32282,0.27,-0.06,0.95,0.20,0.00,0.98,1009.43,34.66,0.00,0.00,0.00,0.00,0.0000,0.0000,0.0000,0.0000,IDLE,0.0,1,0.00,0.0000,0,0,0,0.00,0.0000,0.0,0.0,0,0.0,0.0,1.08,0,0
32332,0.28,-0.06,0.95,0.20,0.05,0.98,1009.46,34.66,0.00,0.00,0.00,0.00,0.0000,0.0000,0.0000,0.0000,IDLE,0.0,1,0.00,0.0000,0,0,0,0.00,0.0000,0.0,0.0,0,0.0,0.0,1.08,0,0
32382,0.27,-0.06,0.96,0.15,0.05,1.03,1009.43,34.66,0.00,0.00,0.00,0.00,0.0000,0.0000,0.0000,0.0000,IDLE,0.0,1,0.00,0.0000,0,0,0,0.00,0.0000,0.0,0.0,0,0.0,0.0,1.08,0,0
32432,0.28,-0.06,0.95,0.20,0.05,1.03,1009.46,34.66,0.00,0.00,0.00,0.00,0.0000,0.0000,0.0000,0.0000,IDLE,0.0,1,0.00,0.0000,0,0,0,0.00,0.0000,0.0,0.0,0,0.0,0.0,1.08,0,0
32482,0.28,-0.06,0.96,0.20,0.05,1.08,1009.46,34.66,0.00,0.00,0.00,0.00,0.0000,0.0000,0.0000,0.0000,IDLE,0.0,1,0.00,0.0000,0,0,0,0.00,0.0000,0.0,0.0,0,0.0,0.0,1.08,0,0
32532,0.28,-0.06,0.96,0.20,0.05,0.98,1009.43,34.66,0.00,0.00,0.00,0.00,0.0000,0.0000,0.0000,0.0000,IDLE,0.0,1,0.00,0.0000,0,0,0,0.00,0.0000,0.0,0.0,0,0.0,0.0,1.08,0,0
32582,0.28,-0.06,0.95,0.20,0.05,1.03,1009.49,34.65,0.00,0.00,0.00,0.00,0.0000,0.0000,0.0000,0.0000,IDLE,0.0,1,0.00,0.0000,0,0,0,0.00,0.0000,0.0,0.0,0,0.0,0.0,1.08,0,0
32632,0.27,-0.06,0.96,0.24,0.05,0.98,1009.48,34.66,0.00,0.00,0.00,0.00,0.0000,0.0000,0.0000,0.0000,IDLE,0.0,1,0.00,0.0000,0,0,0,0.00,0.0000,0.0,0.0,0,0.0,0.0,1.08,0,0
32682,0.28,-0.06,0.96,0.15,0.05,1.03,1009.46,34.66,0.00,0.00,0.00,0.00,0.0000,0.0000,0.0000,0.0000,IDLE,0.0,1,0.00,0.0000,0,0,0,0.00,0.0000,0.0,0.0,0,0.0,0.0,1.08,0,0
32732,0.27,-0.06,0.96,0.20,0.05,0.98,1009.47,34.65,0.00,0.00,0.00,0.00,0.0000,0.0000,0.0000,0.0000,IDLE,0.0,1,0.00,0.0000,0,0,0,0.00,0.0000,0.0,0.0,0,0.0,0.0,1.08,0,0
32782,0.28,-0.06,0.96,0.24,0.00,1.03,1009.50,34.65,0.00,0.00,0.00,0.00,0.0000,0.0000,0.0000,0.0000,IDLE,0.0,1,0.00,0.0000,0,0,0,0.00,0.0000,0.0,0.0,0,0.0,0.0,1.08,0,0
32832,0.27,-0.07,0.95,0.24,0.05,1.03,1009.47,34.66,0.00,0.00,0.00,0.00,0.0000,0.0000,0.0000,0.0000,IDLE,0.0,1,0.00,0.0000,0,0,0,0.00,0.0000,0.0,0.0,0,0.0,0.0,1.08,0,0
32882,0.28,-0.06,0.96,0.20,0.05,0.98,1009.51,34.66,0.00,0.00,0.00,0.00,0.0000,0.0000,0.0000,0.0000,IDLE,0.0,1,0.00,0.0000,0,0,0,0.00,0.0000,0.0,0.0,0,0.0,0.0,1.08,0,0
32932,0.28,-0.06,0.96,0.20,0.05,0.98,1009.48,34.66,0.00,0.00,0.00,0.00,0.0000,0.0000,0.0000,0.0000,IDLE,0.0,1,0.00,0.0000,0,0,0,0.00,0.0000,0.0,0.0,0,0.0,0.0,1.08,0,0
32982,0.27,-0.06,0.96,0.20,0.05,1.08,1009.48,34.65,0.00,0.00,0.00,0.00,0.0000,0.0000,0.0000,0.0000,IDLE,0.0,1,0.00,0.0000,0,0,0,0.00,0.0000,0.0,0.0,0,0.0,0.0,1.08,0,0
33032,0.28,-0.05,0.96,0.24,0.00,1.03,1009.48,34.66,0.00,0.00,0.00,0.00,0.0000,0.0000,0.0000,0.0000,IDLE,0.0,1,0.00,0.0000,0,0,0,0.00,0.0000,0.0,0.0,0,0.0,0.0,1.08,0,0
33082,0.28,-0.07,0.96,0.20,0.00,0.98,1009.49,34.65,0.00,0.00,0.00,0.00,0.0000,0.0000,0.0000,0.0000,IDLE,0.0,1,0.00,0.0000,0,0,0,0.00,0.0000,0.0,0.0,0,0.0,0.0,1.08,0,0
33132,0.27,-0.06,0.96,0.24,0.05,1.08,1009.52,34.66,0.00,0.00,0.00,0.00,0.0000,0.0000,0.0000,0.0000,IDLE,0.0,1,0.00,0.0000,0,0,0,0.00,0.0000,0.0,0.0,0,0.0,0.0,1.08,0,0
33182,0.28,-0.07,0.95,0.20,0.10,1.03,1009.48,34.65,0.00,0.00,0.00,0.00,0.0000,0.0000,0.0000,0.0000,IDLE,0.0,1,0.00,0.0000,0,0,0,0.00,0.0000,0.0,0.0,0,0.0,0.0,1.08,0,0
33232,0.28,-0.05,0.96,0.20,0.00,1.03,1009.50,34.66,0.00,0.00,0.00,0.00,0.0000,0.0000,0.0000,0.0000,IDLE,0.0,1,0.00,0.0000,0,0,0,0.00,0.0000,0.0,0.0,0,0.0,0.0,1.08,0,0
33282,0.27,-0.06,0.96,0.24,0.05,0.98,1009.49,34.66,0.00,0.00,0.00,0.00,0.0000,0.0000,0.0000,0.0000,IDLE,0.0,1,0.00,0.0000,0,0,0,0.00,0.0000,0.0,0.0,0,0.0,0.0,1.08,0,0
33332,0.28,-0.06,0.96,0.20,0.05,1.03,1009.49,34.66,0.00,0.00,0.00,0.00,0.0000,0.0000,0.0000,0.0000,IDLE,0.0,1,0.00,0.0000,0,0,0,0.00,0.0000,0.0,0.0,0,0.0,0.0,1.08,0,0
33382,0.28,-0.06,0.96,0.20,0.00,1.03,1009.52,34.65,0.00,0.00,0.00,0.00,0.0000,0.0000,0.0000,0.0000,IDLE,0.0,1,0.00,0.0000,0,0,0,0.00,0.0000,0.0,0.0,0,0.0,0.0,1.08,0,0
33432,0.27,-0.06,0.95,0.20,0.05,1.03,1009.45,34.65,0.00,0.00,0.00,0.00,0.0000,0.0000,0.0000,0.0000,IDLE,0.0,1,0.00,0.0000,0,0,0,0.00,0.0000,0.0,0.0,0,0.0,0.0,1.08,0,0
33482,0.28,-0.06,0.96,0.24,0.05,0.98,1009.49,34.65,0.00,0.00,0.00,0.00,0.0000,0.0000,0.0000,0.0000,IDLE,0.0,1,0.00,0.0000,0,0,0,0.00,0.0000,0.0,0.0,0,0.0,0.0,1.08,0,0
33532,0.28,-0.06,0.95,0.24,0.05,1.03,1009.46,34.65,0.00,0.00,0.00,0.00,0.0000,0.0000,0.0000,0.0000,IDLE,0.0,1,0.00,0.0000,0,0,0,0.00,0.0000,0.0,0.0,0,0.0,0.0,1.08,0,0
33582,0.27,-0.07,0.95,0.24,0.05,0.98,1009.44,34.65,0.00,0.00,0.00,0.00,0.0000,0.0000,0.0000,0.0000,IDLE,0.0,1,0.00,0.0000,0,0,0,0.00,0.0000,0.0,0.0,0,0.0,0.0,1.08,0,0
33632,0.27,-0.06,0.96,0.20,0.10,0.98,1009.46,34.66,0.00,0.00,0.00,0.00,0.0000,0.0000,0.0000,0.0000,IDLE,0.0,1,0.00,0.0000,0,0,0,0.00,0.0000,0.0,0.0,0,0.0,0.0,1.08,0,0
33682,0.27,-0.06,0.95,0.20,0.00,1.03,1009.50,34.65,0.00,0.00,0.00,0.00,0.0000,0.0000,0.0000,0.0000,IDLE,0.0,1,0.00,0.0000,0,0,0,0.00,0.0000,0.0,0.0,0,0.0,0.0,1.08,0,0
33732,0.28,-0.06,0.96,0.24,0.00,0.93,1009.48,34.65,0.00,0.00,0.00,0.00,0.0000,0.0000,0.0000,0.0000,IDLE,0.0,1,0.00,0.0000,0,0,0,0.00,0.0000,0.0,0.0,0,0.0,0.0,1.08,0,0
33782,0.28,-0.06,0.95,0.20,0.05,0.98,1009.52,34.65,0.00,0.00,0.00,0.00,0.0000,0.0000,0.0000,0.0000,IDLE,0.0,1,0.00,0.0000,0,0,0,0.00,0.0000,0.0,0.0,0,0.0,0.0,1.08,0,0
33832,0.28,-0.06,0.96,0.24,0.05,0.98,1009.47,34.65,0.00,0.00,0.00,0.00,0.0000,0.0000,0.0000,0.0000,IDLE,0.0,1,0.00,0.0000,0,0,0,0.00,0.0000,0.0,0.0,0,0.0,0.0,1.08,0,0
33882,0.27,-0.06,0.96,0.20,0.05,1.03,1009.54,34.65,0.00,0.00,0.00,0.00,0.0000,0.0000,0.0000,0.0000,IDLE,0.0,1,0.00,0.0000,0,0,0,0.00,0.0000,0.0,0.0,0,0.0,0.0,1.08,0,0
33932,0.28,-0.06,0.96,0.29,0.05,1.03,1009.48,34.66,0.00,0.00,0.00,0.00,0.0000,0.0000,0.0000,0.0000,IDLE,0.0,1,0.00,0.0000,0,0,0,0.00,0.0000,0.0,0.0,0,0.0,0.0,1.08,0,0
33982,0.27,-0.06,0.96,0.20,0.05,1.08,1009.54,34.65,0.00,0.00,0.00,0.00,0.0000,0.0000,0.0000,0.0000,IDLE,0.0,1,0.00,0.0000,0,0,0,0.00,0.0000,0.0,0.0,0,0.0,0.0,1.08,0,0
34032,0.27,-0.06,0.96,0.24,0.05,1.03,1009.46,34.65,0.00,0.00,0.00,0.00,0.0000,0.0000,0.0000,0.0000,IDLE,0.0,1,0.00,0.0000,0,0,0,0.00,0.0000,0.0,0.0,0,0.0,0.0,1.08,0,0
34082,0.28,-0.06,0.95,0.24,0.00,1.03,1009.55,34.65,0.00,0.00,0.00,0.00,0.0000,0.0000,0.0000,0.0000,IDLE,0.0,1,0.00,0.0000,0,0,0,0.00,0.0000,0.0,0.0,0,0.0,0.0,1.08,0,0
34132,0.28,-0.06,0.96,0.20,0.05,1.03,1009.50,34.65,0.00,0.00,0.00,0.00,0.0000,0.0000,0.0000,0.0000,IDLE,0.0,1,0.00,0.0000,0,0,0,0.00,0.0000,0.0,0.0,0,0.0,0.0,1.08,0,0
34182,0.28,-0.06,0.96,0.15,0.05,0.93,1009.47,34.65,0.00,0.00,0.00,0.00,0.0000,0.0000,0.0000,0.0000,IDLE,0.0,1,0.00,0.0000,0,0,0,0.00,0.0000,0.0,0.0,0,0.0,0.0,1.08,0,0
34232,0.27,-0.06,0.96,0.20,0.05,0.98,1009.48,34.65,0.00,0.00,0.00,0.00,0.0000,0.0000,0.0000,0.0000,IDLE,0.0,1,0.00,0.0000,0,0,0,0.00,0.0000,0.0,0.0,0,0.0,0.0,1.08,0,0
34282,0.28,-0.06,0.96,0.24,0.05,1.03,1009.44,34.65,0.00,0.00,0.00,0.00,0.0000,0.0000,0.0000,0.0000,IDLE,0.0,1,0.00,0.0000,0,0,0,0.00,0.0000,0.0,0.0,0,0.0,0.0,1.08,0,0
34332,0.27,-0.06,0.96,0.24,0.05,0.98,1009.52,34.65,0.00,0.00,0.00,0.00,0.0000,0.0000,0.0000,0.0000,IDLE,0.0,1,0.00,0.0000,0,0,0,0.00,0.0000,0.0,0.0,0,0.0,0.0,1.08,0,0
34382,0.27,-0.06,0.95,0.20,0.05,0.98,1009.45,34.65,0.00,0.00,0.00,0.00,0.0000,0.0000,0.0000,0.0000,IDLE,0.0,1,0.00,0.0000,0,0,0,0.00,0.0000,0.0,0.0,0,0.0,0.0,1.08,0,0
34431,0.28,-0.07,0.96,0.24,0.05,0.98,1009.46,34.65,0.00,0.00,0.00,0.00,0.0000,0.0000,0.0000,0.0000,IDLE,0.0,1,0.00,0.0000,0,0,0,0.00,0.0000,0.0,0.0,0,0.0,0.0,1.08,0,0
34482,0.27,-0.06,0.96,0.24,0.05,1.08,1009.53,34.65,0.00,0.00,0.00,0.00,0.0000,0.0000,0.0000,0.0000,IDLE,0.0,1,0.00,0.0000,0,0,0,0.00,0.0000,0.0,0.0,0,0.0,0.0,1.08,0,0
34532,0.28,-0.06,0.95,0.20,0.05,1.03,1009.49,34.64,0.00,0.00,0.00,0.00,0.0000,0.0000,0.0000,0.0000,IDLE,0.0,1,0.00,0.0000,0,0,0,0.00,0.0000,0.0,0.0,0,0.0,0.0,1.08,0,0
34582,0.28,-0.06,0.96,0.24,0.05,1.08,1009.48,34.65,0.00,0.00,0.00,0.00,0.0000,0.0000,0.0000,0.0000,IDLE,0.0,1,0.00,0.0000,0,0,0,0.00,0.0000,0.0,0.0,0,0.0,0.0,1.08,0,0
34632,0.28,-0.06,0.96,0.24,0.05,1.03,1009.50,34.65,0.00,0.00,0.00,0.00,0.0000,0.0000,0.0000,0.0000,IDLE,0.0,1,0.00,0.0000,0,0,0,0.00,0.0000,0.0,0.0,0,0.0,0.0,1.08,0,0
34682,0.28,-0.06,0.96,0.20,0.05,1.03,1009.46,34.65,0.00,0.00,0.00,0.00,0.0000,0.0000,0.0000,0.0000,IDLE,0.0,1,0.00,0.0000,0,0,0,0.00,0.0000,0.0,0.0,0,0.0,0.0,1.08,0,0
34732,0.28,-0.06,0.96,0.20,0.05,1.03,1009.46,34.65,0.00,0.00,0.00,0.00,0.0000,0.0000,0.0000,0.0000,IDLE,0.0,1,0.00,0.0000,0,0,0,0.00,0.0000,0.0,0.0,0,0.0,0.0,1.08,0,0
34782,0.27,-0.06,0.96,0.20,0.05,1.03,1009.47,34.65,0.00,0.00,0.00,0.00,0.0000,0.0000,0.0000,0.0000,IDLE,0.0,1,0.00,0.0000,0,0,0,0.00,0.0000,0.0,0.0,0,0.0,0.0,1.08,0,0
34832,0.28,-0.06,0.95,0.24,0.00,1.03,1009.50,34.65,0.00,0.00,0.00,0.00,0.0000,0.0000,0.0000,0.0000,IDLE,0.0,1,0.00,0.0000,0,0,0,0.00,0.0000,0.0,0.0,0,0.0,0.0,1.08,0,0
34882,0.28,-0.06,0.95,0.20,0.05,0.98,1009.44,34.65,0.00,0.00,0.00,0.00,0.0000,0.0000,0.0000,0.0000,IDLE,0.0,1,0.00,0.0000,0,0,0,0.00,0.0000,0.0,0.0,0,0.0,0.0,1.08,0,0
34932,0.28,-0.06,0.95,0.24,0.05,0.98,1009.49,34.65,0.00,0.00,0.00,0.00,0.0000,0.0000,0.0000,0.0000,IDLE,0.0,1,0.00,0.0000,0,0,0,0.00,0.0000,0.0,0.0,0,0.0,0.0,1.08,0,0
34982,0.28,-0.06,0.96,0.24,0.00,0.98,1009.51,34.65,0.00,0.00,0.00,0.00,0.0000,0.0000,0.0000,0.0000,IDLE,0.0,1,0.00,0.0000,0,0,0,0.00,0.0000,0.0,0.0,0,0.0,0.0,1.08,0,0
35032,0.28,-0.06,0.95,0.20,0.05,1.03,1009.49,34.65,0.00,0.00,0.00,0.00,0.0000,0.0000,0.0000,0.0000,IDLE,0.0,1,0.00,0.0000,0,0,0,0.00,0.0000,0.0,0.0,0,0.0,0.0,1.08,0,0
35082,0.28,-0.06,0.96,0.24,0.00,0.98,1009.46,34.65,0.00,0.00,0.00,0.00,0.0000,0.0000,0.0000,0.0000,IDLE,0.0,1,0.00,0.0000,0,0,0,0.00,0.0000,0.0,0.0,0,0.0,0.0,1.08,0,0
35132,0.27,-0.06,0.96,0.20,0.00,1.03,1009.50,34.65,0.00,0.00,0.00,0.00,0.0000,0.0000,0.0000,0.0000,IDLE,0.0,1,0.00,0.0000,0,0,0,0.00,0.0000,0.0,0.0,0,0.0,0.0,1.08,0,0
35182,0.28,-0.06,0.96,0.20,0.00,1.03,1009.49,34.65,0.00,0.00,0.00,0.00,0.0000,0.0000,0.0000,0.0000,IDLE,0.0,1,0.00,0.0000,0,0,0,0.00,0.0000,0.0,0.0,0,0.0,0.0,1.08,0,0
35232,0.28,-0.06,0.96,0.20,0.05,0.98,1009.41,34.65,0.00,0.00,0.00,0.00,0.0000,0.0000,0.0000,0.0000,IDLE,0.0,1,0.00,0.0000,0,0,0,0.00,0.0000,0.0,0.0,0,0.0,0.0,1.08,0,0
35282,0.27,-0.06,0.96,0.20,0.00,1.03,1009.42,34.65,0.00,0.00,0.00,0.00,0.0000,0.0000,0.0000,0.0000,IDLE,0.0,1,0.00,0.0000,0,0,0,0.00,0.0000,0.0,0.0,0,0.0,0.0,1.08,0,0
35332,0.28,-0.06,0.96,0.24,0.00,1.03,1009.48,34.65,0.00,0.00,0.00,0.00,0.0000,0.0000,0.0000,0.0000,IDLE,0.0,1,0.00,0.0000,0,0,0,0.00,0.0000,0.0,0.0,0,0.0,0.0,1.08,0,0
35382,0.27,-0.06,0.96,0.24,0.00,1.03,1009.48,34.65,0.00,0.00,0.00,0.00,0.0000,0.0000,0.0000,0.0000,IDLE,0.0,1,0.00,0.0000,0,0,0,0.00,0.0000,0.0,0.0,0,0.0,0.0,1.08,0,0
35432,0.28,-0.06,0.96,0.20,0.05,0.98,1009.52,34.65,0.00,0.00,0.00,0.00,0.0000,0.0000,0.0000,0.0000,IDLE,0.0,1,0.00,0.0000,0,0,0,0.00,0.0000,0.0,0.0,0,0.0,0.0,1.08,0,0
35482,0.27,-0.07,0.96,0.20,0.00,1.03,1009.46,34.64,0.00,0.00,0.00,0.00,0.0000,0.0000,0.0000,0.0000,IDLE,0.0,1,0.00,0.0000,0,0,0,0.00,0.0000,0.0,0.0,0,0.0,0.0,1.08,0,0
35532,0.27,-0.06,0.95,0.15,0.05,0.98,1009.48,34.64,0.00,0.00,0.00,0.00,0.0000,0.0000,0.0000,0.0000,IDLE,0.0,1,0.00,0.0000,0,0,0,0.00,0.0000,0.0,0.0,0,0.0,0.0,1.08,0,0
35582,0.28,-0.06,0.96,0.24,0.05,1.03,1009.40,34.65,0.00,0.00,0.00,0.00,0.0000,0.0000,0.0000,0.0000,IDLE,0.0,1,0.00,0.0000,0,0,0,0.00,0.0000,0.0,0.0,0,0.0,0.0,1.08,0,0
35632,0.27,-0.06,0.96,0.20,0.00,1.03,1009.47,34.64,0.00,0.00,0.00,0.00,0.0000,0.0000,0.0000,0.0000,IDLE,0.0,1,0.00,0.0000,0,0,0,0.00,0.0000,0.0,0.0,0,0.0,0.0,1.08,0,0
35682,0.28,-0.06,0.96,0.24,0.05,0.98,1009.49,34.64,0.00,0.00,0.00,0.00,0.0000,0.0000,0.0000,0.0000,IDLE,0.0,1,0.00,0.0000,0,0,0,0.00,0.0000,0.0,0.0,0,0.0,0.0,1.08,0,0
35732,0.28,-0.06,0.96,0.20,0.05,1.03,1009.45,34.64,0.00,0.00,0.00,0.00,0.0000,0.0000,0.0000,0.0000,IDLE,0.0,1,0.00,0.0000,0,0,0,0.00,0.0000,0.0,0.0,0,0.0,0.0,1.08,0,0
35782,0.28,-0.06,0.96,0.24,0.05,1.03,1009.51,34.65,0.00,0.00,0.00,0.00,0.0000,0.0000,0.0000,0.0000,IDLE,0.0,1,0.00,0.0000,0,0,0,0.00,0.0000,0.0,0.0,0,0.0,0.0,1.08,0,0
35832,0.28,-0.06,0.96,0.24,0.05,1.03,1009.48,34.65,0.00,0.00,0.00,0.00,0.0000,0.0000,0.0000,0.0000,IDLE,0.0,1,0.00,0.0000,0,0,0,0.00,0.0000,0.0,0.0,0,0.0,0.0,1.08,0,0
35882,0.28,-0.06,0.96,0.24,0.05,0.98,1009.46,34.65,0.00,0.00,0.00,0.00,0.0000,0.0000,0.0000,0.0000,IDLE,0.0,1,0.00,0.0000,0,0,0,0.00,0.0000,0.0,0.0,0,0.0,0.0,1.08,0,0
35932,0.28,-0.06,0.95,0.24,0.05,1.03,1009.47,34.65,0.00,0.00,0.00,0.00,0.0000,0.0000,0.0000,0.0000,IDLE,0.0,1,0.00,0.0000,0,0,0,0.00,0.0000,0.0,0.0,0,0.0,0.0,1.08,0,0
35982,0.27,-0.06,0.95,0.20,0.05,1.03,1009.50,34.65,0.00,0.00,0.00,0.00,0.0000,0.0000,0.0000,0.0000,IDLE,0.0,1,0.00,0.0000,0,0,0,0.00,0.0000,0.0,0.0,0,0.0,0.0,1.08,0,0
36032,0.27,-0.06,0.96,0.24,0.00,0.98,1009.46,34.65,0.00,0.00,0.00,0.00,0.0000,0.0000,0.0000,0.0000,IDLE,0.0,1,0.00,0.0000,0,0,0,0.00,0.0000,0.0,0.0,0,0.0,0.0,1.08,0,0
36082,0.27,-0.06,0.96,0.24,0.00,1.08,1009.46,34.64,0.00,0.00,0.00,0.00,0.0000,0.0000,0.0000,0.0000,IDLE,0.0,1,0.00,0.0000,0,0,0,0.00,0.0000,0.0,0.0,0,0.0,0.0,1.08,0,0
36132,0.28,-0.06,0.95,0.20,0.00,1.08,1009.45,34.65,0.00,0.00,0.00,0.00,0.0000,0.0000,0.0000,0.0000,IDLE,0.0,1,0.00,0.0000,0,0,0,0.00,0.0000,0.0,0.0,0,0.0,0.0,1.08,0,0
36182,0.27,-0.06,0.96,0.24,0.05,1.08,1009.47,34.64,0.00,0.00,0.00,0.00,0.0000,0.0000,0.0000,0.0000,IDLE,0.0,1,0.00,0.0000,0,0,0,0.00,0.0000,0.0,0.0,0,0.0,0.0,1.08,0,0
36232,0.27,-0.06,0.95,0.24,0.00,1.03,1009.49,34.64,0.00,0.00,0.00,0.00,0.0000,0.0000,0.0000,0.0000,IDLE,0.0,1,0.00,0.0000,0,0,0,0.00,0.0000,0.0,0.0,0,0.0,0.0,1.08,0,0
36282,0.28,-0.06,0.96,0.24,0.00,1.03,1009.54,34.65,0.00,0.00,0.00,0.00,0.0000,0.0000,0.0000,0.0000,IDLE,0.0,1,0.00,0.0000,0,0,0,0.00,0.0000,0.0,0.0,0,0.0,0.0,1.08,0,0
36332,0.28,-0.06,0.96,0.20,0.05,1.03,1009.49,34.65,0.00,0.00,0.00,0.00,0.0000,0.0000,0.0000,0.0000,IDLE,0.0,1,0.00,0.0000,0,0,0,0.00,0.0000,0.0,0.0,0,0.0,0.0,1.08,0,0
36395,0.27,-0.06,0.96,0.20,0.05,1.03,1009.49,34.64,0.00,0.00,0.00,0.00,0.0000,0.0000,0.0000,0.0000,IDLE,0.0,1,0.00,0.0000,0,0,0,0.00,0.0000,0.0,0.0,0,0.0,0.0,1.08,0,0
